5 0.39416666666666667 0.8383333333333334 0.07166666666666667 0.02666666666666667
5 0.515 0.9358333333333334 0.12333333333333334 0.065
8 0.9600000000000001 0.9166666666666667 0.08 0.07
8 0.6091666666666667 0.7991666666666667 0.04166666666666667 0.021666666666666667
4 0.2758333333333334 0.9033333333333334 0.5483333333333333 0.19333333333333336
8 0.7058333333333334 0.8133333333333334 0.045000000000000005 0.013333333333333334
7 0.4491666666666667 0.6933333333333334 0.095 0.12333333333333334
5 0.4425 0.8941666666666668 0.22166666666666668 0.15166666666666667
4 0.7408333333333333 0.9633333333333334 0.375 0.07333333333333333
8 0.5516666666666667 0.68 0.12333333333333334 0.1
5 0.5916666666666667 0.7475 0.07666666666666667 0.028333333333333335
