7 0.8366666666666667 0.7575000000000001 0.32666666666666666 0.34500000000000003
0 0.67 0.7400000000000001 0.19333333333333336 0.26666666666666666
7 0.18500000000000003 0.6441666666666667 0.3666666666666667 0.4516666666666667
2 0.4 0.7291666666666667 0.7066666666666667 0.10833333333333334
4 0.3191666666666667 0.5058333333333334 0.055 0.06166666666666667
2 0.9108333333333334 0.6941666666666667 0.17833333333333334 0.045000000000000005
2 0.9083333333333334 0.6466666666666667 0.18333333333333335 0.04
2 0.8250000000000001 0.5633333333333334 0.31333333333333335 0.05
2 0.8033333333333333 0.8016666666666667 0.23333333333333334 0.043333333333333335
2 0.7108333333333334 0.6866666666666668 0.12833333333333335 0.04
