6 0.56 0.6225 0.88 0.31833333333333336
8 0.19083333333333335 0.7483333333333334 0.13833333333333334 0.07
8 0.455 0.40166666666666667 0.07 0.02
0 0.7533333333333334 0.8216666666666668 0.060000000000000005 0.18333333333333335
0 0.4658333333333334 0.8200000000000001 0.045000000000000005 0.11333333333333334
0 0.2791666666666667 0.8275 0.06833333333333334 0.09166666666666667
2 0.05916666666666667 0.7666666666666667 0.10833333333333334 0.043333333333333335
2 0.13166666666666668 0.89 0.21666666666666667 0.05
8 0.8966666666666667 0.645 0.06333333333333334 0.030000000000000002
4 0.455 0.7000000000000001 0.04666666666666667 0.11333333333333334
4 0.6491666666666667 0.5858333333333333 0.08166666666666667 0.06833333333333334
4 0.7591666666666668 0.6733333333333333 0.07166666666666667 0.11666666666666667
