6 0.5041666666666667 0.555 0.9583333333333334 0.4866666666666667
8 0.29750000000000004 0.3091666666666667 0.12166666666666667 0.035
6 0.19666666666666668 0.26083333333333336 0.3866666666666667 0.10500000000000001
0 0.060000000000000005 0.7666666666666667 0.11333333333333334 0.20333333333333334
4 0.6566666666666667 0.3241666666666667 0.15333333333333335 0.08833333333333333
0 0.2625 0.8641666666666667 0.08166666666666667 0.095
2 0.5466666666666667 0.49250000000000005 0.10666666666666667 0.04166666666666667
2 0.45583333333333337 0.265 0.06833333333333334 0.02666666666666667
4 0.8116666666666668 0.5516666666666667 0.19 0.2
4 0.9208333333333334 0.45583333333333337 0.14166666666666666 0.15166666666666667
4 0.26666666666666666 0.5375000000000001 0.22 0.26166666666666666
