5 0.24833333333333335 0.9291666666666667 0.13333333333333333 0.07833333333333334
5 0.3925 0.9316666666666668 0.11833333333333335 0.07666666666666667
5 0.4133333333333334 0.7733333333333334 0.07666666666666667 0.04
5 0.34750000000000003 0.7525000000000001 0.06166666666666667 0.03166666666666667
5 0.6141666666666667 0.7783333333333334 0.06166666666666667 0.04666666666666667
5 0.5141666666666667 0.9333333333333333 0.03166666666666667 0.030000000000000002
5 0.5075000000000001 0.5916666666666667 0.065 0.03333333333333333
4 0.5408333333333334 0.8441666666666667 0.9183333333333334 0.3116666666666667
8 0.125 0.7175 0.07666666666666667 0.028333333333333335
4 0.5483333333333333 0.65 0.17666666666666667 0.05
